9322327967,
9322327367,
9975345756,
9702427090,
7020131836,
9527035984,
9130526084,
7350186359,
9923655331,
9370002827,
7038274481,
9307662984,
9307125205,
9604987448,
8830311907,
9146723969,
9307928102,
7498629653,
9049621981,
9145439518,
7219396368,
8789460043,
7020129280,
8605234701,
9834507020,
7517335626,
7447318452,
9325851819,
8767503700,
78750807364,
7822815717,
9158268122,
9156931261,
7058448222,
9404139193,
8459061572,
7887607091,
8788801374,
9421401010,
7767994245,
9076494157,
8579837022,
9226221247,
9307595875,
7491895970,
9834620780,
9011264005,
9595911002,
7385586667,
9665123625,
9689840473,
9665532083,
9172146334,
8767900254,
9822054411,
8529510021,
9404691657,
7987948810,
9960286249,
8605354761,
9284260695,
9765228168,
9822318317,
8669375528,
8767841958,
9359780193,
9370177080,
9021266237,
9226765759,
7887906225,
8329740993,
8669434013,
9881196153,
7057037015,
9322560284,
9527943084,
7448172114,
9975854345,
9119442808,
9356551615,
9112268475,
7249262263,
9172557909,
9028652610,
8605842441,
9370559870,
8530515379,
8698619965,
7030184441,
9766204861,
8530244848,
9511225483,
8669590859,
8600254479,
9730028458,
8766926622,
9300550442,
7875625447,
9307860369,
8806462699,
8305138311,
9359588022,
9822318317,
8999352251,
9307877696,
9175770009,
7499210827,
9325329298,
9325794232,
7020131836,
8956198960,
8080191808,
9175030319,
7498112122,
